0 0.028125 0.01640625 0.05625 0.0328125
1 0.0578125 0.015625 0.115625 0.03125
2 0.35234375 0.2 0.2328125 0.20625
0 0.98203125 0.021875 0.0359375 0.04375
0 0.875 0.0125 0.034375 0.025
1 0.934375 0.0140625 0.034375 0.028125
1 0.86328125 0.00859375 0.0734375 0.0171875
2 0.571875 0.03125 0.146875 0.0625
2 0.6796875 0.0625 0.15 0.125
0 0.0390625 0.6609375 0.078125 0.1
1 0.0546875 0.496875 0.109375 0.0875
2 0.0296875 0.5328125 0.059375 0.115625
0 0.696875 0.43515625 0.121875 0.0328125
1 0.69375 0.43828125 0.33125 0.0390625