0 0.23046875 0.0953125 0.0671875 0.096875
0 0.26796875 0.03359375 0.0578125 0.0671875
0 0.07734375 0.0140625 0.0421875 0.028125
1 0.16953125 0.07421875 0.04375 0.0609375
1 0.321875 0.040625 0.065625 0.08125
1 0.06015625 0.01171875 0.0796875 0.0234375
2 0.03984375 0.03671875 0.0796875 0.0734375
2 0.046875 0.103125 0.09375 0.20625
0 0.69765625 0.2140625 0.11875 0.13125
1 0.66484375 0.08359375 0.2515625 0.1515625
0 0.2828125 0.6796875 0.2125 0.08125
1 0.175 0.68125 0.35 0.084375
0 0.825 0.9359375 0.121875 0.1171875
1 0.79921875 0.7734375 0.1796875 0.1125
2 0.45 0.86640625 0.121875 0.1328125