0 0.08203125 0.0328125 0.1640625 0.065625
1 0.1234375 0.05 0.246875 0.1
0 0.428125 0.05859375 0.0375 0.0921875
0 0.53125 0.12109375 0.0671875 0.096875
0 0.425 0.02265625 0.03125 0.0453125
1 0.44921875 0.0265625 0.0796875 0.053125
1 0.5875 0.05234375 0.0828125 0.0953125
1 0.4171875 0.01953125 0.015625 0.0390625
0 0.07265625 0.73046875 0.1203125 0.121875
1 0.0875 0.6375 0.175 0.115625
0 0.8765625 0.8609375 0.0578125 0.0765625
1 0.85078125 0.778125 0.0875 0.0640625
2 0.46953125 0.5640625 0.1203125 0.16875