0 0.2734375 0.15859375 0.065625 0.096875
0 0.3296875 0.10390625 0.05625 0.0796875
0 0.190625 0.0140625 0.040625 0.028125
1 0.22265625 0.11953125 0.0421875 0.0609375
1 0.37890625 0.12890625 0.0640625 0.0875
1 0.184375 0.0109375 0.078125 0.021875
2 0.040625 0.03671875 0.08125 0.0734375
2 0.04609375 0.0875 0.0921875 0.175
0 0.9296875 0.0421875 0.1 0.084375
1 0.9390625 0.02890625 0.121875 0.0578125
0 0.1484375 0.9640625 0.125 0.071875
1 0.1890625 0.790625 0.221875 0.1140625
2 0.04375 0.76171875 0.0875 0.0921875
0 0.75859375 0.55 0.1203125 0.040625
1 0.7421875 0.553125 0.2375 0.046875