0 0.29453125 0.07578125 0.0453125 0.040625
1 0.31171875 0.046875 0.0921875 0.0609375
0 0.98828125 0.196875 0.0234375 0.11875
1 0.8921875 0.084375 0.153125 0.134375
2 0.896875 0.0265625 0.096875 0.053125
0 0.171875 0.95 0.0703125 0.0890625
0 0.35703125 0.98828125 0.0609375 0.0234375
0 0.01484375 0.8359375 0.0296875 0.0875
1 0.1171875 0.859375 0.15625 0.1
1 0.4171875 0.9578125 0.078125 0.084375
1 0.009375 0.76875 0.01875 0.075
0 0.975 0.621875 0.05 0.065625
1 0.9578125 0.61640625 0.084375 0.0546875