0 0.36015625 0.4640625 0.128125 0.1734375
1 0.2875 0.24375 0.2640625 0.171875
0 0.46875 0.06015625 0.0375 0.0921875
0 0.503125 0.11953125 0.06875 0.0984375
0 0.46640625 0.02265625 0.0328125 0.0453125
1 0.48984375 0.02734375 0.0796875 0.0546875
1 0.5578125 0.05 0.084375 0.0953125
1 0.45859375 0.01953125 0.0171875 0.0390625
0 0.2375 0.70234375 0.128125 0.0671875
1 0.20625 0.7 0.21875 0.0625
2 0.059375 0.6921875 0.1 0.046875
0 0.51640625 0.92109375 0.1 0.1078125
1 0.48984375 0.8015625 0.0796875 0.128125